11111112
22222333
33344444
45555555
66666677
77778888
88999999
AAAAAAAB
11414144
42444344
43444444
45444544
46444744
47788888
88999999
AAAAAABB
14040400
04000400
04040400
04000400
04000400
04788888
8999999A
AAAAAABB
14040404
42404404
44040440
44040404
46440404
47888888
8999999A
AAAAABBB
14000400
42404404
34000440
44000400
04000400
04888888
999999AA
AAAAABBB
14040404
42404404
44040440
44044644
04044744
04888888
999999AA
AAAABBBB
14040400
04000400
04040400
04045400
04000400
04888889
99999AAA
AAAABBBB
11424244
43444344
44444444
45456644
46444744
48888889
99999AAA
AAABBBBB
11122222
23333334
44444555
55556666
66777777
88888899
9999AAAA
AAABBBBB
11222222
33333334
44444555
55566666
67777778
88888899
9999AAAA
AABBBBBB
11222222
33333344
44445555
55566666
67777778
88888999
999AAAAA
AABBBBBB
12222223
33333344
44445555
55666666
77777788
88888999
999AAAAA
ABBBBBBC
12222223
33333444
44455555
55666666
77777788
88889999
99AAAAAA
ABBBBBBC
22222233
33333444
44455555
56666667
77777888
88889999
99AAAAAA
BBBBBBCC
22222233
33334444
44555555
56666667
77777888
88899999
9AAAAAAA
BBBBBBCC
22222333
33334444
44555555
66666677
77778888
88899999
9AAAAAAB
BBBBBCCC
22222333
33344444
45555555
66666677
77778888
88999999
AAAAAAAB
BBBBBCCC
22223333
33344444
45555556
66666777
77788888
88999999
AAAAAABB
BBBBCCCC
22223333
33444444
55555556
66666777
77788888
8999999A
AAAAAABB
BBBBCCCC
22535355
53555455
55555556
66557755
57555855
5999999A
AAAAABBB
BBBCCCCC
25050500
05000500
55000505
65005500
05000500
059999AA
AAAAABBB
BBBCCCCC
25050505
54505505
05055505
65050505
55050505
599999AA
AAAABBBB
BBCCCCCC
25000500
54505505
05005505
65005500
55000505
05999AAA
AAAABBBB
BBCCCCCC
25050505
54505505
05055505
55050505
55005505
05999AAA
AAABBBBB
BCCCCCCC
25050500
05000500
55000500
05005500
05050500
0599AAAA
AAABBBBB
BCCCCCCD
33535355
54555555
55555655
57557755
58585855
5999AAAA
AABBBBBB
CCCCCCCD
33333344
44445555
55566666
67777778
88888999
999AAAAA
AABBBBBB
CCCCCCDD
33333344
44445555
55666666
77777788
88888999
999AAAAA
ABBBBBBC
CCCCCCDD
33333444
44455555
55666666
77777788
88889999
99AAAAAA
ABBBBBBC
CCCCCDDD
33333444
44455555
56666667
77777888
88889999
99AAAAAA
BBBBBBCC
CCCCCDDD
33334444
44555555
56666667
77777888
88899999
9AAAAAAA
BBBBBBCC
CCCCDDDD
33334444
44555555
66666677
77778888
88899999
9AAAAAAB
BBBBBCCC
CCCCDDDD
33344444
45555555
66666677
77778888
88999999
AAAAAAAB
BBBBBCCC
CCCDDDDD
33222444
45222556
66222727
27222888
88222922
2AAAAABB
BBBBCCCC
CCCDDDDD
32000244
52000256
62000202
02000288
82000200
02AAAABB
BBBBCCCC
CCDDDDDD
33220222
22020266
62020202
02022888
89220202
2AAAABBB
BBBCCCCC
CCDDDDDD
32000200
02000266
62000202
02020288
92000200
02AAABBB
BBBCCCCC
CDDDDDDE
34220222
22020266
62020202
02020288
92022922
02AABBBB
BBCCCCCC
CDDDDDDE
42000255
52000266
62020200
02000289
92000200
02AABBBB
BBCCCCCC
DDDDDDEE
44222455
55222666
66272722
28222889
99222A22
2AABBBBB
BCCCCCCC
DDDDDDEE
44444555
55556666
66777777
88888899
9999AAAA
AAABBBBB
BCCCCCCD
DDDDDEEE
44444555
55566666
67777778
88888899
9999AAAA
AABBBBBB
CCCCCCCD
DDDDDEEE
44445555
55566666
67777778
88888999
999AAAAA
AABBBBBB
CCCCCCDD
DDDDEEEE
44445555
55666666
77777788
88888999
999AAAAA
ABBBBBBC
CCCCCCDD
DDDDEEEE
44455555
55666666
77777788
88889999
99AAAAAA
ABBBBBBC
CCCCCDDD
DDDEEEEE
44455555
56666667
77777888
88889999
99AAAAAA
BBBBBBCC
CCCCCDDD
DDDEEEEE
44555555
56666667
77777888
88899999
9AAAAAAA
BBBBBBCC
CCCCDDDD
DDEEEEEE
44555555
66666677
77778888
88899999
9AAAAAAB
BBBBBCCC
CCCCDDDD
DDEEEEEE
00000000
00000000
00000000
00000000
00000000
00000000
00000000
00000000
00000000
00000000
00000000
00000000
00000000
00000000
00000000
00000000
00000000
00000000
00000000
00000000
00000000
00000000
00000000
00000000
00000000
00000000
00000000
00000000
00000000
00000000
00000000
00000000
00000000
00000000
00000000
00000000
00000000
00000000
00000000
00000000
00000000
00000000
00000000
00000000
00000000
00000000
00000000
00000000
00000000
00000000
00000000
00000000
00000000
00000000
00000000
00000000
00000000
00000000
00000000
00000000
00000000
00000000
00000000
00000000
00000000
00000000
00000000
00000000
00000000
00000000
00000000
00000000
00000000
00000000
00000000
00000000
00000000
00000000
00000000
00000000
00000000
00000000
00000000
00000000
00000000
00000000
00000000
00000000
00000000
00000000
00000000
00000000
00000000
00000000
00000000
00000000
00000000
00000000
00000000
00000000
00000000
00000000
00000000
00000000
00000000
00000000
00000000
00000000
00000000
00000000
00000000
00000000
00000000
00000000
00000000
00000000
00000000
00000000
00000000
00000000
00000000
00000000
00000000
00000000
00000000
00000000
00000000
00000000
00000000
00000000
00000000
00000000
00000000
00000000
00000000
00000000
00000000
00000000
00000000
00000000
00000000
00000000
00000000
00000000
00000000
00000000
00000000
00000000
00000000
00000000
00000000
00000000
00000000
00000000
00000000
00000000
00000000
00000000
00000000
00000000
00000000
00000000
00000000
00000000
00000000
00000000
00000000
00000000
00000000
00000000
00000000
00000000
00000000
00000000
00000000
00000000
00000000
00000000
00000000
00000000
00000000
00000000
00000000
00000000
00000000
00000000
00000000
00000000
00000000
00000000
00000000
00000000
00000000
00000000
00000000
00000000
00000000
00000000
00000000
00000000
00000000
00000000
00000000
00000000
00000000
00000000
00000000
00000000
00000000
00000000
00000000
00000000
00000000
00000000
00000000
00000000
00000000
00000000
00000000
00000000
00000000
00000000
00000000
00000000
00000000
00000000
00000000
00000000
00000000
00000000
00000000
00000000
00000000
00000000
00000000
00000000
00000000
00000000
00000000
00000000
00000000
00000000
00000000
00000000
00000000
00000000
00000000
00000000
00000000
00000000
00000000
00000000
00000000
00000000
00000000
00000000
00000000
00000000
00000000
00000000
00000000
00000000
00000000
00000000
00000000
00000000
00000000
00000000
00000000
00000000
00000000
00000000
00000000
00000000
00000000
00000000
00000000
00000000
00000000
00000000
00000000
00000000
00000000
00000000
00000000
00000000
00000000
00000000
00000000
00000000
00000000
00000000
00000000
00000000
00000000
00000000
00000000
00000000
00000000
00000000
00000000
00000000
00000000
00000000
00000000
00000000
00000000
00000000
00000000
00000000
00000000
00000000
00000000
00000000
00000000
00000000
00000000
00000000
00000000
00000000
00000000
00000000
00000000
00000000
00000000
00000000
00000000
00000000
00000000
00000000
00000000
00000000
00000000
00000000
00000000
00000000
00000000
00000000
00000000
00000000
00000000
00000000
00000000
00000000
00000000
00000000
00000000
00000000
00000000
00000000
00000000
00000000
00000000
00000000
00000000
00000000
00000000
00000000
00000000
00000000
00000000
00000000
00000000
00000000
00000000
00000000
00000000
00000000
00000000
00000000
00000000
00000000
00000000
00000000
00000000
00000000
00000000
00000000
00000000
00000000
00000000
00000000
00000000
00000000
00000000
00000000
00000000
00000000
00000000
00000000
00000000
00000000
00000000
00000000
00000000
00000000
00000000
00000000
00000000
00000000
00000000
00000000
00000000
00000000
00000000
00000000
00000000
00000000
00000000
00000000
00000000
00000000
00000000
00000000
00000000
00000000
00000000
00000000
00000000
00000000
00000000
00000000
00000000
00000000
00000000
00000000
00000000
00000000
00000000
00000000
00000000
00000000
00000000
00000000
00000000
00000000
00000000
00000000
00000000
00000000
00000000
00000000
00000000
00000000
00000000
00000000
00000000
00000000
00000000
00000000
00000000
00000000
00000000
00000000
00000000
00000000
00000000
00000000
00000000
00000000
00000000
00000000
00000000
00000000
00000000
00000000
00000000
00000000
00000000
00000000
00000000
00000000
00000000
00000000
00000000
00000000
00000000
00000000
00000000
00000000
00000000
00000000
00000000
00000000
00000000
00000000
00000000
00000000
00000000
00000000
00000000
00000000
00000000
00000000
00000000
00000000
00000000
00000000
00000000
00000000
00000000
00000000
00000000
00000000
00000000
00000000
00000000
00000000
00000000
00000000
00000000
00000000
00000000
00000000
00000000
00000000
00000000
00000000
00000000
00000000
00000000
00000000
00000000
00000000
00000000
00000000
00000000
00000000
00000000
00000000
00000000
00000000
00000000
00000000
00000000
00000000
00000000
00000000
00000000
00000000
00000000
00000000
00000000
00000000
00000000
00000000
00000000
00000000
00000000
00000000
00000000
00000000
00000000
00000000
00000000
00000000
00000000
00000000
00000000
00000000
00000000
00000000
00000000
00000000
00000000
00000000
00000000
00000000
00000000
00000000
00000000
00000000
00000000
00000000
00000000
00000000
00000000
00000000
00000000
00000000
00000000
00000000
00000000
00000000
00000000
00000000
00000000
00000000
00000000
00000000
00000000
00000000
00000000
00000000
00000000
00000000
00000000
00000000
00000000
00000000
00000000
00000000
00000000
00000000
00000000
00000000
00000000
00000000
00000000
00000000
00000000
00000000
00000000
00000000
00000000
00000000
00000000
00000000
00000000
00000000
00000000
00000000
00000000
00000000
00000000
00000000
00000000
00000000
00000000
00000000
00000000
00000000
00000000
00000000
00000000
00000000
00000000
00000000
00000000
00000000
